tp_group: [[0, 1, 2, 3], [4, 5, 6, 7], [8, 9, 10, 11], [12, 13, 14, 15]]
pp_group: [[0, 4, 8, 12], [1, 5, 9, 13], [2, 6, 10, 14], [3, 7, 11, 15]]
dp_group: [[0], [1], [2], [3], [4], [5], [6], [7], [8], [9], [10], [11], [12], [13], [14], [15]]
ep_group: [[0, 2], [1, 3], [4, 6], [5, 7], [8, 10], [9, 11], [12, 14], [13, 15]]
etp_group: [[0, 1], [2, 3], [4, 5], [6, 7], [8, 9], [10, 11], [12, 13], [14, 15]]
edp_group: [[0], [1], [2], [3], [4], [5], [6], [7], [8], [9], [10], [11], [12], [13], [14], [15]]
cp_group: [[0], [1], [2], [3], [4], [5], [6], [7], [8], [9], [10], [11], [12], [13], [14], [15]]
tp-cp_group: [[0, 1, 2, 3], [4, 5, 6, 7], [8, 9, 10, 11], [12, 13, 14, 15]]
embd-pp_group: [[0], [1], [2], [3]]
pos_embd-pp_group: [[0], [1], [2], [3]]
tp-ep_group: [[0, 1, 2, 3], [4, 5, 6, 7], [8, 9, 10, 11], [12, 13, 14, 15]]
tp-dp-cp_group: [[0, 1, 2, 3], [4, 5, 6, 7], [8, 9, 10, 11], [12, 13, 14, 15]]
tp-pp_group: [[0, 1, 2, 3, 4, 5, 6, 7, 8, 9, 10, 11, 12, 13, 14, 15]]
dp-cp_group: [[0], [1], [2], [3], [4], [5], [6], [7], [8], [9], [10], [11], [12], [13], [14], [15]]
